&DIV1D_NUMERICS
  NX = 100
  nout = 100
  DXMIN =  5.00000000000000e-02
  DELTA_T =  1.00000000000000e-05
  ABSTOL =  1.00000000000000e-06
  RELTOL =  1.00000000000000e-06
  max_step= 10000
  VISCOSITY =  5.00000000000000e+00
  METHOD = 227
  DENSITY_NORM =  1.00000000000000e+19
  TEMPERATURE_NORM =  1.00000000000000e+00
  VELOCITY_NORM =  1.00000000000000e+04
  WIDE_CORE_PROFILE =  0.0e+00 
  D_NEW =  1.00000000000000e+00
 evolve_density  = 1,
 evolve_momentum = 1,
 evolve_energy   = 1,
 evolve_neutral  = 1,
 evolve_neutral_momentum = 1,
 evolve_molecule = 1,
 evolve_background = 1,
 evolve_core = 1,
 switch_density_source   = 1.0d+0,
 switch_momentum_source  = 1.0d+0,
 switch_energy_source    = 1.0d+0,
 switch_neutral_source   = 1.0d+0,
 switch_molecule_source = 1.0e+00
 switch_charge_exchange  = 1.0d+0,
 switch_charge_exchange_molecules = 1.0e+00,
 switch_ionization       = 1.0d+0,
 switch_excitation       = 1.0d+0,
 switch_convective_heat  = 1.0d+0,
 switch_energy_flux = 1.0e+0,
 switch_energy_compr = 1.0e+0,
 switch_only_core_source_Q = 0.0d+0
 switch_recombination    = 1.0d+0,
 switch_impurity_radiation = 1.0d+0,
 detect_nan = .false.
/

&DIV1D_PHYSICS
  ALPHA_CORE_PROFILE_Q =  1.00000000000000e+00
  ALPHA_CORE_PROFILE_N =  1.00000000000000e-03
  GAMMA =  6.00000000000000e+00
  L =  4.08000000000000e+01
  L_CORE_SOL =  9.60000000000000e+00
  X_CORE_SOL =  1.08000000000000e+01
  Q_CORE =  2.21735701291665e+05
  GAMMA_CORE = 1.0000e+20
  FLUX_EXPANSION = 1.00000000000000e+00
  IMPURITY_CONCENTRATION =  2.00000000000000E-03  0.00000000000000E+00  0.00000000000000E+00
  0.00000000000000E+00  0.00000000000000E+00
  NEUTRAL_ENERGY =  5.00000000000000e-01
  EXTERN_NEUTRAL_VOLUMES =  1.05990000000000E+00  1.82620000000000E+00  3.00000000000000E+01
  1.82680000000000E+00  1.05990000000000E+00
  SWITCH_IMP_DISTRIBUTION = 0
  INITIAL_A =  6.33483164211772e+17
  INITIAL_N =  1.00000000000000e+19
  INITIAL_T =  100.00
  initial_v = 00000.00
  NEUTRAL_RESIDENCE_TIME =  5.00000000000000e-04
  CORE_IONIZATION_FRACTION =  0.00000000000000e+00
  MAJOR_RADIUS = 0.9e+00 
  RECYCLING =  4.00000000000000e-01
  SOL_WIDTH_OMP =  1.10000000000000e-02
  SINTHETA = 0.05 
  TRANS_EXPANSION =  3.00000000000000e+00
  LOCATION_OMP =  0.00000000000000e+00
  L_BAFFLE =  5.10000000000000e+00
  INITIAL_NB =  6.28425079239916E+17  6.26079522667222E+17  5.46892558545193E+16
  6.26079522667222E+17  6.28425079239916E+17
  INITIAL_MB =  3.89039446414744E+18  6.55669570945733E+18  1.87386186578145E+17
  6.55669570945733E+18  3.89039446414744E+18
  PUFF_RATE_NEUTRAL =  3.82575800000000E+20  9.40378875000000E+19 7.11753051696510E+20
  9.40378875000000E+19  3.82575800000000E+20
  PUFF_RATE_MOLECULE =  4.10031500000000E+21  6.31896200000000E+21  4.34277978975998E+21
  6.31896200000000E+21  4.10031500000000E+21
  PUMP_RATE_N =  1.87500000000000E+03  6.25000000000000E+02 1.25000000000000E+04
  6.25000000000000E+02  1.87500000000000E+03
  PUMP_RATE_M =  1.87500000000000E+03  6.25000000000000E+02 1.25000000000000E-04
  6.25000000000000E+02  1.87500000000000E+03
  EXTERN_NEUTRAL_EX =  6.67143000000000E+02  0.00000000000000E+00  6.67143000000000E+02
  EXTERN_MOLECULE_EX = 4.71741000000000E+02  0.00000000000000E+00  4.71741000000000E+02
  SIGMA_NB =  4.50000000000000e-01
  MOLECULE_RESIDENCE_TIME =  8.00000000000000e-03
  MOL_REC =  1.00000000000000e+00			
  INITIAL_M =  5.7069372e+17
  INITIAL_VN = 0.0e+00
  CORE_VOLUME =  4.87720000000000e+00
  PUMP_CORE =  2.05477000000000e+02
  CORE_CONFINEMENT_TIME =  2.00000000000000e-01
  INITIAL_NCORE =  2.76800000000000e+18
  CORE_FUELLING =  0.00000000000000e+00
  minimum_temperature = 1.0d-1
/
