&DIV1D_NUMERICS
  NX = 500
  NOUT = 100
  NTIME = 2000
  DXMIN =  5.00000000000000e-02
  DELTA_T =  1.00000000000000e-05
  ABSTOL =  1.00000000000000e-06
  RELTOL =  1.00000000000000e-06
  VISCOSITY =  5.00000000000000e+00
  METHOD = 227
  DENSITY_NORM =  1.00000000000000e+19
  TEMPERATURE_NORM =  1.00000000000000e+00
  VELOCITY_NORM =  1.00000000000000e+04
  WIDE_CORE_PROFILE =  0.00000000000000e+00
  D_NEW =  1.00000000000000e+00
  SWITCH_DISSOCIATIVE_ATTACHMENT =  1.00000000000000e+00
  SWITCH_MOMENTUM_TRANSFER_ATOMS =  1.00000000000000e+00
  EVOLVE_CORE =  1.00000000000000e+00
  EVOLVE_BACKGROUND =  0.00000000000000E+00  0.00000000000000E+00  1.00000000000000E+00
  1.00000000000000E+00  1.00000000000000E+00
  EVOLVE_NEUTRAL_MOMENTUM =  1.00000000000000e+00
/
&DIV1D_PHYSICS
  GAMMA =  6.00000000000000e+00
  L =  1.80000000000000e+01
  L_CORE_SOL =  1.00000000000000e+01
  X_CORE_SOL =  0.00000000000000e+00
  Q_CORE =  2.70000000000000e+05
  wall_association_probability = 0.3E+0
  IMPURITY_CONCENTRATION =  3.00000000000000E-02  0.00000000000000E+00  0.00000000000000E+00
  0.00000000000000E+00  0.00000000000000E+00
  NEUTRAL_ENERGY =  5.00000000000000e+00
  INITIAL_A =  1.00000000000000e+15
  INITIAL_N =  1.00000000000000e+19
  INITIAL_M =  1.00000000000000e+15
  INITIAL_T =  1.00000000000000e+02
  SINTHETA = -1.00000000000000e+00
  MAJOR_RADIUS = -1.00000000000000e+00
  FLUX_EXPANSION = -1.00000000000000e+00
  SIGMA_NB =  4.50000000000000e-01
  NEUTRAL_RESIDENCE_TIME =  1.50000000000000e-04
  MOLECULE_RESIDENCE_TIME =  6.00000000000000e-03
  SOL_WIDTH_OMP =  9.00000000000000e-03
  CORE_IONIZATION_FRACTION =  5.80000000000000e-01
  CORE_IONIZATION_FRACTION_MOL =  5.80000000000000e-01
  CORE_FAR_SOL_FEEDTHROUGH =  0.00000000000000e+00
  ALPHA_CORE_PROFILE_N =  1.00000000000000e-03
  ALPHA_CORE_PROFILE_Q =  5.00000000000000e-02
  MOL_REC =  5.00000000000000e-01
  RECYCLING =  8.00000000000000e-01
  TRANS_EXPANSION =  3.80000000000000e+00
  ATO_RES_ASY =  1.80000000000000e+00
  MOL_RES_ASY =  1.00000000000000e+00
  INITIAL_NCORE =  4.78000000000000e+19
  CORE_CONFINEMENT_TIME =  6.73684168900000e-02
  CORE_EXT_NEUTRAL_PUMP =  0.00000000000000E+00  0.00000000000000E+00  0.00000000000000E+00
  0.00000000000000E+00  2.53209947600000E+03
  CORE_FUELLING =  1.00000000000000e+01
  EXTERN_NEUTRAL_EX =  0.00000000000000E+00  0.00000000000000E+00  7.37958545900000E+03
  EXTERN_MOLECULE_EX =  0.00000000000000E+00  0.00000000000000E+00  5.79794991200000E+02
  PUFF_RATE_NEUTRAL =  0.00000000000000E+00  0.00000000000000E+00  0.00000000000000E+00
  1.71544711300000E+21  0.00000000000000E+00
  PUFF_RATE_MOLECULE =  0.00000000000000E+00  0.00000000000000E+00  0.00000000000000E+00
  1.68449739800000E+21  3.77582137600000E+20
  PUMP_RATE_N =  0.00000000000000E+00  0.00000000000000E+00  1.55946883600000E+02
  0.00000000000000E+00  9.69041622300000E+03
  PUMP_RATE_M =  0.00000000000000E+00  0.00000000000000E+00  2.00579026900000E+02
  0.00000000000000E+00  0.00000000000000E+00
  POL_TARGET_ANGLE =  9.00000000000000E+01  1.00000000000000E+02
  INITIAL_NB =  5.09204621250000E+17  6.57247656666667E+17  1.58084069965517E+17
  6.57247656666667E+17  5.09204621250000E+17
  INITIAL_MB =  2.28734824583333E+18  2.75308955083333E+18  6.22351790896552E+17
  2.75308955083333E+18  2.28734824583333E+18
  GAMMA_CORE =  3.54765646930197e+21
/
