&DIV1D_NUMERICS
  NX = 500
  NOUT_STEPS = 20
  NOUT = 100
  NTIME = 2000
  DXMIN =  5.00000000000000e-02
  DELTA_T =  1.00000000000000e-05
  ABSTOL =  1.00000000000000e-06
  RELTOL =  1.00000000000000e-06
  VISCOSITY =  5.00000000000000e+00
  METHOD = 227
  DENSITY_NORM =  1.00000000000000e+19
  TEMPERATURE_NORM =  1.00000000000000e+00
  VELOCITY_NORM =  1.00000000000000e+04
  WIDE_CORE_PROFILE =  0.00000000000000e+00
  D_NEW =  1.00000000000000e+00
  SWITCH_DISSOCIATIVE_ATTACHMENT =  1.00000000000000e+00
  SWITCH_MOMENTUM_TRANSFER_ATOMS =  1.00000000000000e+00
  EVOLVE_CORE =  0.00000000000000e+00
  EVOLVE_BACKGROUND =  0.00000000000000E+00  0.00000000000000E+00  0.00000000000000E+00
  0.00000000000000E+00  0.00000000000000E+00
  EVOLVE_NEUTRAL_MOMENTUM =  1.00000000000000e+00
  EVOLVE_MOLECULE =  0.00000000000000e+00
  SIMPLE_SOL = F
/
&DIV1D_PHYSICS
  GAMMA =  6.00000000000000e+00
  L =  3.10000000000000e+01
  L_CORE_SOL =  2.80000000000000e+01
  X_CORE_SOL =  0.00000000000000e+00
  Q_CORE =  1.20000000000000e+06
  IMPURITY_CONCENTRATION =  0.00000000000000E+00  0.00000000000000E+00  0.00000000000000E+00
  0.00000000000000E+00  0.00000000000000E+00
  NEUTRAL_ENERGY =  5.00000000000000e-01
  INITIAL_A =  1.00000000000000e+15
  INITIAL_N =  1.00000000000000e+19
  INITIAL_M =  1.00000000000000e+15
  INITIAL_T =  1.00000000000000e+02
  CORE_IONIZATION_FRACTION =  1.00000000000000e-01
  CORE_IONIZATION_FRACTION_MOL =  1.00000000000000e-01
  NEUTRAL_RESIDENCE_TIME =  4.00000000000000e-04
  MOLECULE_RESIDENCE_TIME =  5.00000000000000e-03
  CORE_SOL_NEUTRAL_EX =  1.00000000000000e-20
  INITIAL_CORE_NEUTRAL =  1.00000000000000e+13
  CORE_SOL_MOLECULE_EX =  1.00000000000000e-20
  MAJOR_RADIUS = -1.00000000000000e+00
  SINTHETA = -1.00000000000000e+00
  FLUX_EXPANSION = -1.00000000000000e+00
  RECYCLING =  1.00000000000000e+00
  SOL_WIDTH_OMP =  1.00000000000000e-02
  LOCATION_OMP =  0.00000000000000e+00
  ALPHA_CORE_PROFILE_N =  1.00000000000000e+00
  ALPHA_CORE_PROFILE_Q =  1.00000000000000e+00
  TRANS_EXPANSION =  2.00000000000000e+00
  MOL_REC =  4.00000000000000e-01
  SIGMA_NB =  4.50000000000000e-01
  INITIAL_NCORE =  4.96000000000000e+19
  CORE_CONFINEMENT_TIME =  6.34504904400000e-02
  CORE_EXT_NEUTRAL_PUMP =  0.00000000000000E+00  0.00000000000000E+00  0.00000000000000E+00
  0.00000000000000E+00  1.12499412000000E+03
  CORE_FUELLING =  1.00000000000000e+01
  EXTERN_NEUTRAL_EX =  0.00000000000000E+00  0.00000000000000E+00  7.37958545900000E+03
  EXTERN_MOLECULE_EX =  0.00000000000000E+00  0.00000000000000E+00  5.79794991200000E+02
  PUFF_RATE_NEUTRAL =  0.00000000000000E+00  0.00000000000000E+00  0.00000000000000E+00
  0.00000000000000E+00  0.00000000000000E+00
  PUFF_RATE_MOLECULE =  0.00000000000000E+00  0.00000000000000E+00  1.54852936400000E+20
  7.08965650800000E+20  5.20701159300000E+20
  PUMP_RATE_N =  0.00000000000000E+00  0.00000000000000E+00  0.00000000000000E+00
  3.04227099100000E+03  6.17715553200000E+03
  PUMP_RATE_M =  0.00000000000000E+00  0.00000000000000E+00  0.00000000000000E+00
  0.00000000000000E+00  0.00000000000000E+00
  POL_TARGET_ANGLE =  9.00000000000000E+01  1.00000000000000E+02
  MOL_RES_ASY =  2.00000000000000e+00
  ATO_RES_ASY =  1.00000000000000e+00
  INITIAL_NB =  8.31912584846539E+16  3.35667636855783E+17  1.31540623342760E+17
  3.35667636855783E+17  8.31912584846539E+16
  INITIAL_MB =  1.00000000000000E+15  1.00000000000000E+15  1.00000000000000E+15
  1.00000000000000E+15  1.00000000000000E+15
  GAMMA_CORE =  1.20000000000000e+21
/
